38,1
7,1
7,1
87,1
81,0
25,1
19,1
66,0
87,0
91,1
27,0
48,0
31,0
19,1
91,1
91,0
44,0
54,0
25,1
44,0
48,1
91,0
75,1
75,0
15,1
87,1
75,1
25,1
27,1
40,0
31,0
99,0
72,0
70,1
38,0
25,0
27,1
75,0
15,0
38,0
40,0
99,0
4,0
75,0
81,1
77,0
81,1
7,1
70,1
31,1
81,1
77,1
40,0
54,1
72,1
72,0
23,1
77,0
15,1
31,0
70,1
23,1
48,1
40,1
4,0
72,1
54,1
40,0
15,1
70,1
66,1
61,1
4,1
99,1
81,0
19,0
91,1
44,0
44,1
19,1
81,1
4,0
23,0
44,0
48,0
31,0
61,1
25,0
27,0
54,0
38,1
61,1
66,0
99,0
77,1
66,0
27,0
7,0
61,0
23,0
66,1
87,0
