8,0
48,0
94,1
48,1
34,1
75,1
66,1
75,0
88,0
94,1
88,1
66,0
43,0
46,1
66,1
75,1
46,1
25,0
11,1
20,0
61,0
2,0
34,1
17,0
20,1
88,0
91,0
99,1
25,0
99,1
8,0
99,1
82,1
99,0
66,0
75,1
34,1
88,0
99,0
43,1
75,1
94,0
91,0
94,0
34,0
48,0
82,0
91,0
94,0
11,0
61,1
48,1
91,0
94,0
20,1
61,0
66,0
8,0
61,0
46,0
34,1
91,1
94,1
20,1
25,0
17,0
11,1
88,1
2,0
82,0
25,1
17,0
2,0
8,0
11,0
56,0
8,0
11,0
82,1
56,1
88,0
91,0
46,0
43,0
43,1
82,1
8,0
20,0
56,0
48,0
61,0
2,1
91,0
56,0
25,1
48,0
46,0
17,0
56,0
43,1
91,0
8,1
11,1
2,1
48,0
17,1
99,1
75,1
