22,24,78,60,35,3,0
92,29,23,33,21,4,1
81,44,77,1,32,2,1
32,56,74,9,33,4,1
32,16,93,8,31,5,1
95,40,55,3,23,4,1
87,75,100,94,38,4,1
88,66,86,92,40,4,0
84,98,57,83,29,2,0
11,97,41,49,23,5,0
24,61,85,36,28,5,1
94,52,63,34,33,3,0
76,77,19,100,24,4,1
8,17,62,33,27,4,1
57,27,33,60,38,1,1
25,8,93,91,35,5,1
4,80,97,78,31,2,1
6,85,53,78,20,5,1
49,77,74,22,30,3,1
66,8,6,26,37,5,1
60,76,30,9,39,5,0
39,3,19,67,24,1,1
22,88,52,86,32,4,1
68,20,85,8,30,1,1
83,33,62,64,30,4,0
25,39,32,21,38,1,1
52,5,44,92,40,5,1
51,66,57,38,38,3,0
82,77,73,92,34,2,1
8,77,36,64,26,1,1
68,13,1,57,35,4,0
20,29,41,52,39,5,0
75,39,100,6,33,4,1
66,94,96,52,37,1,0
46,77,28,54,30,4,0
23,68,58,88,30,1,0
30,71,55,91,38,4,1
36,97,26,39,29,2,1
85,12,8,65,24,2,1
73,29,69,14,25,4,0
82,54,51,16,23,4,0
19,90,38,9,40,1,1
33,67,49,37,21,1,1
1,66,32,64,37,1,0
32,53,78,66,28,4,0
50,7,17,19,26,3,1
63,6,94,42,32,2,0
58,9,74,54,30,1,0
66,10,63,51,35,4,1
52,58,54,73,29,5,0
33,16,24,41,34,2,1
29,70,42,1,33,1,1
80,84,71,66,32,5,1
93,53,97,46,20,3,1
32,100,78,82,31,1,1
6,23,42,17,25,1,0
57,32,25,72,27,1,0
28,95,79,4,33,2,1
93,73,55,27,35,5,0
66,3,14,93,30,4,1
58,98,100,70,40,3,0
43,99,52,54,25,5,0
61,40,32,17,39,4,1
11,42,92,44,39,4,1
49,90,86,55,31,1,0
68,59,8,68,35,4,0
36,46,40,64,27,3,0
51,14,22,89,40,5,0
42,99,35,8,27,5,1
53,74,50,19,40,4,0
66,41,82,61,22,2,0
93,17,30,68,25,1,0
56,41,91,54,24,1,0
53,90,62,62,24,5,1
92,76,43,57,21,4,1
3,97,1,41,28,1,1
46,77,61,79,21,3,1
53,3,55,77,20,2,1
57,87,41,28,29,2,1
56,87,38,23,29,4,1
79,17,44,27,32,3,1
60,46,86,34,23,3,1
75,4,31,17,27,5,1
40,24,42,15,20,2,0
43,15,43,24,27,3,1
77,22,81,14,38,3,0
86,27,45,61,26,5,1
83,56,6,33,32,3,1
42,69,97,88,40,2,1
55,72,35,10,28,5,0
64,22,74,46,31,4,1
18,44,30,19,25,4,0
82,75,10,68,28,1,1
51,54,97,41,34,4,1
26,31,41,61,27,3,1
98,57,59,34,24,2,0
31,81,94,91,38,3,0
67,59,41,64,20,5,1
40,88,29,72,20,3,0
44,7,90,65,38,1,0
6,86,43,87,27,3,0
43,45,35,3,34,4,1
23,99,11,59,27,5,0
28,18,73,82,28,1,0
81,43,11,11,31,4,0
14,92,83,17,23,4,1
43,22,63,93,40,3,1
30,83,18,26,24,2,1
84,21,88,85,28,2,1
20,90,15,52,21,5,1
67,7,94,67,30,3,0
77,60,77,30,21,3,1
54,52,46,7,39,1,0
99,90,8,10,39,5,0
31,59,77,33,34,4,1
23,4,96,90,21,2,0
26,5,9,13,28,1,1
32,22,63,1,32,5,1
45,84,67,51,39,5,0
68,63,88,42,29,2,0
50,30,15,91,22,4,0
83,89,37,26,37,3,0
97,74,44,11,30,5,0
30,69,99,67,28,1,0
18,47,36,73,39,2,0
75,68,90,17,40,2,1
59,8,57,100,26,1,1
62,2,67,73,20,4,1
1,16,73,6,35,1,1
71,23,34,17,39,5,1
63,33,3,60,20,1,0
86,89,94,20,29,4,0
22,8,19,87,27,1,1
21,69,25,81,38,5,1
23,49,21,78,20,5,1
15,79,84,37,32,3,1
99,66,96,74,21,4,0
92,88,49,31,20,2,0
93,98,92,96,40,2,1
3,79,52,24,29,1,1
44,32,6,8,20,2,0
65,78,93,52,28,5,0
39,42,87,36,29,5,1
8,28,19,39,28,3,0
39,3,5,55,28,5,1
8,26,40,40,25,2,1
94,71,56,51,27,1,0
38,36,17,10,23,2,1
51,26,52,63,20,5,0
9,81,2,34,20,5,1
30,81,95,69,25,4,0
17,21,78,3,20,5,0
69,63,86,86,34,1,0
61,45,23,83,31,1,0
21,25,40,70,34,1,0
99,5,41,90,22,4,1
65,15,91,24,32,1,0
70,89,41,82,22,3,0
48,36,89,44,27,4,1
20,1,100,57,29,1,0
31,88,68,60,40,4,1
79,23,68,4,28,1,1
63,91,43,97,36,3,0
41,83,44,43,20,2,1
15,28,76,90,26,5,0
15,56,84,7,23,2,0
97,57,61,74,24,1,0
70,23,62,18,24,2,0
81,27,21,20,28,3,1
58,48,72,78,29,3,1
43,79,98,21,28,5,1
68,81,85,40,39,1,0
87,88,58,34,30,4,1
17,43,73,98,24,4,0
9,11,21,52,25,4,1
1,92,27,83,20,4,1
74,5,36,75,32,4,1
39,85,49,71,37,4,1
78,79,13,66,34,3,0
87,91,99,88,37,1,1
98,83,56,96,32,1,1
78,1,95,61,30,3,0
38,95,71,30,31,1,1
75,52,13,34,39,1,0
45,30,65,10,30,4,0
31,21,28,94,20,3,0
78,90,7,4,37,1,1
7,98,69,46,28,1,1
88,48,7,40,38,3,0
88,47,94,73,37,3,1
33,4,50,5,24,5,0
13,51,34,3,40,5,0
83,60,16,56,39,2,0
66,40,1,76,32,3,1
96,30,65,7,40,5,0
47,8,38,94,23,3,1
76,98,14,26,27,3,0
14,8,13,47,21,1,1
7,19,47,10,21,2,1
57,4,96,32,33,4,1
43,60,77,33,37,1,0
17,99,94,8,32,3,1
54,36,56,85,37,4,0
79,78,79,57,23,5,0
84,11,65,41,36,1,1
71,7,75,93,32,2,1
63,68,11,31,22,4,1
36,63,100,28,37,4,1
24,83,84,60,24,2,0
73,51,60,52,29,3,0
57,61,88,35,40,5,1
22,80,67,39,40,1,0
27,82,45,72,28,1,1
83,63,93,56,27,1,0
57,20,39,36,30,2,1
81,1,33,13,24,2,1
40,38,49,26,32,1,1
36,99,65,42,22,2,0
3,72,95,76,35,2,1
66,18,95,50,33,3,1
19,50,55,81,21,2,0
69,85,87,87,30,4,0
32,57,8,61,22,5,0
20,54,6,61,27,3,0
54,64,58,24,38,5,1
35,56,30,94,22,5,0
64,49,69,65,30,4,0
83,35,38,39,28,1,0
45,47,84,87,39,4,0
80,81,93,83,33,1,0
56,85,23,12,23,1,1
45,76,30,36,27,2,1
35,36,24,79,27,2,0
50,51,73,76,29,4,1
95,15,62,43,31,2,1
32,28,14,66,22,3,0
16,32,4,48,23,5,0
84,40,1,79,23,5,0
60,97,62,96,39,2,0
75,12,17,66,25,2,1
77,57,84,7,40,3,0
41,19,33,91,38,4,1
72,10,53,58,23,3,0
14,13,78,55,36,2,0
61,58,39,2,24,1,0
52,7,3,39,20,2,0
38,68,37,99,34,5,0
73,32,14,58,33,2,1
30,44,13,74,34,4,0
12,7,49,6,38,5,1
96,4,80,63,28,1,1
10,19,11,93,24,1,0
38,34,37,60,31,2,0
9,36,49,39,23,5,0
62,7,76,42,23,3,0
5,88,67,87,40,1,0
73,9,73,28,23,4,1
80,62,56,23,25,5,0
78,24,80,90,26,5,1
85,17,17,23,35,1,1
88,77,56,65,23,4,0
69,60,65,90,21,4,0
54,24,85,27,32,2,0
97,11,76,7,26,2,1
82,50,54,19,40,3,0
31,49,2,56,35,5,0
23,27,66,83,27,2,1
64,77,33,95,23,4,0
29,9,47,97,35,2,0
70,2,88,22,21,4,1
1,31,97,52,34,2,0
63,18,44,42,40,2,1
12,13,49,50,30,2,0
87,30,30,11,37,3,0
82,34,17,33,30,5,0
40,62,28,79,40,5,0
37,83,62,70,25,4,1
85,34,78,68,28,4,0
60,68,29,43,40,2,0
29,7,93,29,35,3,1
81,12,43,17,22,1,1
73,30,22,45,22,3,0
7,96,59,22,23,5,1
77,43,23,11,33,1,1
57,15,3,66,33,2,0
12,11,64,70,37,2,1
99,66,46,82,36,5,0
32,54,42,44,23,4,0
89,75,65,61,39,5,0
95,31,31,6,27,3,1
16,47,28,83,36,4,0
37,38,20,55,26,4,0
28,49,35,61,34,3,1
52,54,86,78,22,2,1
53,27,25,11,27,2,1
82,96,73,37,23,4,0
9,85,86,51,24,3,1
13,65,90,64,36,1,1
67,42,47,78,20,1,0
62,48,60,93,33,2,0
35,89,25,49,21,2,1
16,45,76,70,33,3,1
13,3,6,86,26,5,1
28,69,5,9,36,5,0
2,50,79,25,30,3,0
8,43,29,99,26,5,1
23,46,29,77,22,1,1
83,45,40,59,37,3,1
27,14,75,25,27,3,0
62,16,94,81,30,4,1
34,86,77,60,39,5,1
32,77,87,86,22,1,1
92,99,89,45,26,4,1
21,60,5,65,39,5,0
15,28,36,51,22,2,1
6,89,38,27,34,2,0
38,79,20,62,22,2,1
50,52,57,47,24,2,1
68,72,73,96,20,5,1
39,8,93,69,31,4,1
73,50,81,71,35,4,1
90,52,40,44,30,2,0
23,21,15,7,31,4,0
100,74,60,12,24,5,1
69,44,73,92,27,3,0
85,97,6,69,38,4,0
50,73,37,49,30,3,1
50,37,71,6,40,3,1
75,3,9,19,28,1,0
90,13,3,87,32,3,0
75,76,37,29,27,3,1
12,48,85,50,30,2,1
60,43,17,81,36,1,0
56,99,99,15,37,2,1
19,97,77,85,23,2,1
86,74,95,65,33,2,0
69,19,44,89,21,3,0
30,63,6,1,25,3,1
75,64,55,40,40,5,1
88,53,36,47,36,4,0
67,44,88,3,32,3,1
27,60,23,8,24,2,1
4,77,71,65,31,4,1
40,61,35,39,29,5,0
70,83,92,43,27,2,0
97,17,70,74,22,1,0
61,73,53,77,40,4,0
1,63,69,11,25,5,1
98,88,64,34,39,3,1
13,57,23,78,30,1,0
49,80,89,89,24,5,0
20,56,31,97,40,1,1
12,62,3,57,34,5,1
28,97,27,66,29,2,0
21,71,63,78,26,5,1
21,89,43,48,20,1,1
99,53,95,77,39,5,0
9,62,83,77,40,5,0
73,46,73,14,37,3,0
57,9,57,1,31,2,1
23,60,25,2,28,5,1
47,74,80,74,29,4,0
75,1,86,22,31,5,0
66,44,83,77,20,1,1
42,2,24,49,24,5,1
38,88,29,40,20,4,1
68,39,53,39,25,5,0
84,61,86,8,39,3,1
50,86,17,89,34,1,0
21,79,60,86,22,3,0
67,82,80,36,35,5,0
64,20,26,71,29,3,1
39,24,44,49,34,3,0
90,45,80,100,25,3,1
88,97,18,54,35,3,0
15,22,17,18,23,1,1
9,66,44,9,36,3,0
12,57,73,88,23,4,1
21,36,16,82,32,2,1
17,47,19,43,27,3,0
75,95,98,50,33,5,1
13,41,82,94,24,3,0
65,7,22,93,21,1,1
62,74,57,39,40,2,0
75,48,21,58,29,2,1
19,33,56,71,40,2,1
6,63,93,26,27,1,0
22,2,78,68,22,1,1
35,58,89,29,35,1,1
5,43,8,27,32,1,0
96,32,66,77,21,4,0
73,75,26,22,32,4,0
1,31,22,90,32,2,0
60,77,9,86,24,3,1
30,81,48,6,40,1,0
74,33,80,92,28,2,0
98,18,38,50,28,1,0
39,72,20,14,23,2,1
97,31,29,10,29,1,1
55,18,15,18,30,3,1
68,13,89,26,25,3,1
86,82,47,98,38,4,0
100,46,13,99,35,4,1
98,25,56,7,32,4,1
8,14,78,26,25,5,1
77,33,74,63,22,4,1
100,69,8,74,30,4,1
75,1,32,69,31,2,1
24,93,83,64,33,2,1
31,39,92,65,37,1,1
25,30,87,16,40,2,1
74,44,74,44,35,2,1
87,81,50,52,23,4,0
73,35,27,89,30,5,1
21,55,69,26,25,1,1
64,68,74,88,35,2,0
25,19,45,4,37,2,0
45,20,75,52,32,2,1
34,56,59,48,32,3,0
83,13,77,62,39,3,0
54,73,2,32,37,1,1
55,53,36,83,21,1,1
6,2,27,90,32,2,1
86,86,11,81,33,3,0
24,62,35,21,35,2,0
40,29,13,58,38,3,1
17,97,47,52,37,2,1
78,37,9,50,35,5,0
14,40,47,1,26,2,1
96,4,10,29,24,4,1
49,32,30,39,32,5,1
54,79,19,33,37,3,0
98,66,57,41,39,5,1
46,74,38,9,22,3,0
17,49,4,94,28,1,1
84,27,84,51,26,3,0
78,75,3,40,31,2,1
43,2,6,26,37,1,0
91,34,83,54,20,3,0
95,30,93,100,27,3,1
96,73,62,87,32,2,0
34,34,44,30,24,5,0
65,45,9,45,30,3,0
46,5,46,9,36,2,1
7,62,26,26,25,5,0
77,63,31,93,20,4,1
43,54,25,32,22,4,1
17,76,71,72,38,1,1
3,75,16,80,24,5,1
52,11,3,39,35,4,1
7,16,11,29,23,4,0
62,1,48,32,21,5,1
97,71,61,52,32,3,1
40,59,80,58,35,3,1
15,45,14,52,27,4,1
51,47,1,90,31,1,1
59,61,86,11,33,5,1
3,4,94,16,23,4,1
98,28,98,7,32,3,1
48,42,27,93,25,2,0
99,63,99,38,20,2,1
77,58,95,98,22,1,0
32,50,57,78,28,5,0
16,10,78,95,34,5,1
89,17,67,23,40,1,1
90,39,16,100,28,5,1
2,37,57,67,22,3,1
60,85,29,59,26,1,1
55,58,97,36,23,5,1
69,72,78,62,38,3,1
12,3,8,92,23,2,1
77,18,50,18,24,2,1
77,49,43,100,34,5,1
69,63,95,72,27,3,0
51,42,85,14,20,3,0
4,38,80,43,24,3,0
93,18,35,6,32,4,0
20,82,10,94,38,1,0
86,79,38,7,26,3,0
58,75,59,22,39,4,0
25,58,72,89,30,2,0
100,77,98,63,36,4,0
72,48,78,89,24,1,0
9,32,25,1,34,1,0
84,59,12,34,30,1,1
23,25,6,23,27,4,0
55,43,37,77,30,1,1
52,59,42,72,24,5,1
10,44,94,27,23,5,1
71,6,36,51,37,4,0
53,79,9,55,27,1,1
29,11,70,56,27,3,0
66,28,57,65,33,5,0
70,11,99,94,24,3,1
93,25,4,53,29,1,1
12,44,2,87,21,2,0
6,64,24,60,30,1,1
34,71,17,23,38,1,1
7,10,4,68,20,5,1
64,73,9,6,37,5,1
